0 27.6172944402 28.3453063209
1 27.6152287024 28.5212107549
2 27.6129481564 28.6961642997
3 27.610274702 28.8692862777
4 27.6070999647 29.0397585235
5 27.6033517338 29.2067527426
6 27.5989295033 29.3693968286
7 27.5937353695 29.5268065912
8 27.5877335016 29.6781435423
9 27.5809463893 29.8226411092
10 27.5734052302 29.9595760908
11 27.5650961242 30.0883583836
12 27.5559988099 30.2085887385
13 27.5461186482 30.3199705809
14 27.5354660846 30.4222545861
15 27.5240509562 30.5152481978
16 27.5118869533 30.5988786542
17 27.4990230301 30.6732292086
18 27.4855224435 30.738491301
19 27.4714265708 30.7949532087
20 27.4567778112 30.8430153053
21 27.4416225349 30.8831314779
22 27.4260188341 30.915765181
23 27.41005356 30.9413799844
24 27.393830245 30.9604365955
25 27.3774916973 30.9734314637
26 27.3612186182 30.9809061489
27 27.3451569374 30.983442547
28 27.3293914255 30.9816357928
29 27.313962932 30.9760458988
30 27.2988494483 30.9672304953
31 27.2839908198 30.9557565169
32 27.2693597802 30.9421899866
33 27.2549617715 30.9270722794
34 27.2408108761 30.9108679663
35 27.2269405292 30.8939552405
36 27.2133852445 30.8766239877
37 27.2001717693 30.8591096739
38 27.1873151998 30.8416433297
39 27.1747953167 30.8244292683
40 27.1625921846 30.807651083
41 27.1507067218 30.7915158676
42 27.139129091 30.7762161782
43 27.1278342385 30.7618670078
44 27.1167877841 30.7484980843
45 27.1059669522 30.7361129035
46 27.0953291688 30.7247822612
47 27.0847740902 30.7145935187
48 27.0741983429 30.705569476
49 27.0635462299 30.6977069737
50 27.0528147216 30.6909620609
51 27.0419953494 30.685204762
52 27.0310447822 30.6802008987
53 27.019950848 30.6756601421
54 27.0087677254 30.6713236437
